{
  "asset": {
    "gltfUpAxis": "Z",
    "version": "0.0"
  },
  "geometricError": 200,
  "root": {
    "boundingVolume": {
      "region": [
        1.842612,
        0.51171,
        1.892423,
        0.537823,
        0.0,
        66.0
      ]
    },
    "children": [
      {
        "boundingVolume": {
          "region": [
            1.842641,
            0.513084,
            1.842668,
            0.513095,
            0.0,
            5.0
          ]
        },
        "content": {
          "uri": "./tile/9/0/26.b3dm"
        },
        "geometricError": 100.0,
        "refine": "REPLACE",
        "transform": [
          -0.963274,
          -0.268522,
          0.0,
          0.0,
          0.131138,
          -0.470435,
          0.872636,
          0.0,
          -0.233945,
          0.839235,
          0.490872,
          0.0,
          -1493335.542676,
          5357076.735413,
          3112398.389306,
          1
        ]
      },
      {
        "boundingVolume": {
          "region": [
            1.842612,
            0.51309,
            1.842705,
            0.513144,
            0.0,
            6.0
          ]
        },
        "content": {
          "uri": "./tile/9/0/27.b3dm"
        },
        "geometricError": 100.0,
        "refine": "REPLACE",
        "transform": [
          -0.963273,
          -0.268526,
          0.0,
          0.0,
          0.131147,
          -0.470457,
          0.872623,
          0.0,
          -0.233945,
          0.839221,
          0.490895,
          0.0,
          -1493335.122575,
          5356989.066763,
          3112548.470272,
          1
        ]
      },
      {
        "boundingVolume": {
          "region": [
            1.8427,
            0.513141,
            1.842718,
            0.513174,
            0.0,
            5.0
          ]
        },
        "content": {
          "uri": "./tile/9/0/28.b3dm"
        },
        "geometricError": 100.0,
        "refine": "REPLACE",
        "transform": [
          -0.963259,
          -0.268574,
          0.0,
          0.0,
          0.13118,
          -0.470485,
          0.872603,
          0.0,
          -0.233981,
          0.83919,
          0.490931,
          0.0,
          -1493571.38157,
          5356791.190743,
          3112774.137081,
          1
        ]
      },
      {
        "boundingVolume": {
          "region": [
            1.842715,
            0.513151,
            1.842728,
            0.51317,
            0.0,
            4.0
          ]
        },
        "content": {
          "uri": "./tile/9/1/28.b3dm"
        },
        "geometricError": 100.0,
        "refine": "REPLACE",
        "transform": [
          -0.963256,
          -0.268587,
          0.0,
          0.0,
          0.131186,
          -0.470485,
          0.872602,
          0.0,
          -0.233992,
          0.839186,
          0.490933,
          0.0,
          -1493637.906635,
          5356764.956418,
          3112787.274438,
          1
        ]
      },
      {
        "boundingVolume": {
          "region": [
            1.855085,
            0.516505,
            1.855174,
            0.516557,
            0.0,
            5.0
          ]
        },
        "content": {
          "uri": "./tile/9/128/94.b3dm"
        },
        "geometricError": 100.0,
        "refine": "REPLACE",
        "transform": [
          -0.959849,
          -0.280517,
          0.0,
          0.0,
          0.137835,
          -0.471632,
          0.870956,
          0.0,
          -0.24392,
          0.834625,
          0.493867,
          0.0,
          -1557028.759306,
          5327702.653979,
          3131420.023772,
          1
        ]
      },
      {
        "boundingVolume": {
          "region": [
            1.855093,
            0.516572,
            1.855161,
            0.516615,
            0.0,
            5.0
          ]
        },
        "content": {
          "uri": "./tile/9/128/95.b3dm"
        },
        "geometricError": 100.0,
        "refine": "REPLACE",
        "transform": [
          -0.95985,
          -0.280515,
          0.0,
          0.0,
          0.137849,
          -0.471684,
          0.870926,
          0.0,
          -0.24391,
          0.834596,
          0.493921,
          0.0,
          -1556961.665068,
          5327518.410906,
          3131764.503604,
          1
        ]
      },
      {
        "boundingVolume": {
          "region": [
            1.855099,
            0.516608,
            1.855172,
            0.516635,
            0.0,
            5.0
          ]
        },
        "content": {
          "uri": "./tile/9/128/96.b3dm"
        },
        "geometricError": 100.0,
        "refine": "REPLACE",
        "transform": [
          -0.959847,
          -0.280524,
          0.0,
          0.0,
          0.13786,
          -0.471707,
          0.870912,
          0.0,
          -0.243913,
          0.83458,
          0.493945,
          0.0,
          -1556984.106659,
          5327420.487232,
          3131918.881132,
          1
        ]
      },
      {
        "boundingVolume": {
          "region": [
            1.855094,
            0.516805,
            1.855124,
            0.516814,
            0.0,
            2.0
          ]
        },
        "content": {
          "uri": "./tile/9/128/99.b3dm"
        },
        "geometricError": 100.0,
        "refine": "REPLACE",
        "transform": [
          -0.959855,
          -0.280498,
          0.0,
          0.0,
          0.137893,
          -0.471867,
          0.87082,
          0.0,
          -0.243865,
          0.834498,
          0.494109,
          0.0,
          -1556676.937364,
          5326895.823872,
          3132956.815007,
          1
        ]
      },
      {
        "boundingVolume": {
          "region": [
            1.855187,
            0.516452,
            1.855209,
            0.516469,
            0.0,
            5.0
          ]
        },
        "content": {
          "uri": "./tile/9/129/92.b3dm"
        },
        "geometricError": 100.0,
        "refine": "REPLACE",
        "transform": [
          -0.95983,
          -0.280583,
          0.0,
          0.0,
          0.137851,
          -0.471564,
          0.870991,
          0.0,
          -0.243988,
          0.834641,
          0.493806,
          0.0,
          -1557458.34917,
          5327806.985886,
          3131031.475811,
          1
        ]
      },
      {
        "boundingVolume": {
          "region": [
            1.855149,
            0.516462,
            1.85524,
            0.516512,
            0.0,
            5.0
          ]
        },
        "content": {
          "uri": "./tile/9/129/93.b3dm"
        },
        "geometricError": 100.0,
        "refine": "REPLACE",
        "transform": [
          -0.959831,
          -0.28058,
          0.0,
          0.0,
          0.137855,
          -0.471586,
          0.870978,
          0.0,
          -0.243981,
          0.83463,
          0.493828,
          0.0,
          -1557414.692176,
          5327734.580978,
          3131175.422564,
          1
        ]
      },
      {
        "boundingVolume": {
          "region": [
            1.855166,
            0.516508,
            1.85523,
            0.516535,
            0.0,
            4.0
          ]
        },
        "content": {
          "uri": "./tile/9/129/94.b3dm"
        },
        "geometricError": 100.0,
        "refine": "REPLACE",
        "transform": [
          -0.95983,
          -0.280583,
          0.0,
          0.0,
          0.137865,
          -0.471615,
          0.870961,
          0.0,
          -0.243979,
          0.834612,
          0.493859,
          0.0,
          -1557400.859973,
          5327623.499694,
          3131369.989401,
          1
        ]
      },
      {
        "boundingVolume": {
          "region": [
            1.855154,
            0.516573,
            1.855235,
            0.516618,
            0.0,
            5.0
          ]
        },
        "content": {
          "uri": "./tile/9/129/95.b3dm"
        },
        "geometricError": 100.0,
        "refine": "REPLACE",
        "transform": [
          -0.959831,
          -0.28058,
          0.0,
          0.0,
          0.137882,
          -0.471677,
          0.870924,
          0.0,
          -0.243966,
          0.834578,
          0.493923,
          0.0,
          -1557321.079053,
          5327405.964696,
          3131776.998397,
          1
        ]
      },
      {
        "boundingVolume": {
          "region": [
            1.855173,
            0.516609,
            1.855244,
            0.516636,
            0.0,
            5.0
          ]
        },
        "content": {
          "uri": "./tile/9/129/96.b3dm"
        },
        "geometricError": 100.0,
        "refine": "REPLACE",
        "transform": [
          -0.959827,
          -0.280593,
          0.0,
          0.0,
          0.137895,
          -0.471697,
          0.870911,
          0.0,
          -0.243973,
          0.834562,
          0.493946,
          0.0,
          -1557367.967024,
          5327304.901576,
          3131924.598984,
          1
        ]
      },
      {
        "boundingVolume": {
          "region": [
            1.855243,
            0.516521,
            1.855294,
            0.516556,
            0.0,
            5.0
          ]
        },
        "content": {
          "uri": "./tile/9/130/94.b3dm"
        },
        "geometricError": 100.0,
        "refine": "REPLACE",
        "transform": [
          -0.95981,
          -0.280651,
          0.0,
          0.0,
          0.137903,
          -0.471619,
          0.870952,
          0.0,
          -0.244035,
          0.834587,
          0.493873,
          0.0,
          -1557762.716965,
          5327463.85162,
          3131460.999214,
          1
        ]
      },
      {
        "boundingVolume": {
          "region": [
            1.855233,
            0.516567,
            1.8553,
            0.51659,
            0.0,
            5.0
          ]
        },
        "content": {
          "uri": "./tile/9/130/95.b3dm"
        },
        "geometricError": 100.0,
        "refine": "REPLACE",
        "transform": [
          -0.95981,
          -0.280649,
          0.0,
          0.0,
          0.137911,
          -0.471653,
          0.870933,
          0.0,
          -0.244028,
          0.834569,
          0.493908,
          0.0,
          -1557717.985887,
          5327346.029267,
          3131682.197527,
          1
        ]
      },
      {
        "boundingVolume": {
          "region": [
            1.855269,
            0.516609,
            1.855272,
            0.516615,
            0.0,
            2.0
          ]
        },
        "content": {
          "uri": "./tile/9/130/96.b3dm"
        },
        "geometricError": 100.0,
        "refine": "REPLACE",
        "transform": [
          -0.959809,
          -0.280653,
          0.0,
          0.0,
          0.137922,
          -0.471681,
          0.870916,
          0.0,
          -0.244027,
          0.834552,
          0.493937,
          0.0,
          -1557709.033996,
          5327237.74138,
          3131869.589751,
          1
        ]
      },
      {
        "boundingVolume": {
          "region": [
            1.857148,
            0.520293,
            1.857206,
            0.520335,
            0.0,
            21.0
          ]
        },
        "content": {
          "uri": "./tile/9/149/168.b3dm"
        },
        "geometricError": 100.0,
        "refine": "REPLACE",
        "transform": [
          -0.959273,
          -0.282482,
          0.0,
          0.0,
          0.139727,
          -0.474495,
          0.869098,
          0.0,
          -0.245099,
          0.832326,
          0.497152,
          0.0,
          -1564570.958231,
          5313083.573887,
          3152288.436716,
          1
        ]
      },
      {
        "boundingVolume": {
          "region": [
            1.85716,
            0.520332,
            1.857203,
            0.520369,
            0.0,
            6.0
          ]
        },
        "content": {
          "uri": "./tile/9/149/169.b3dm"
        },
        "geometricError": 100.0,
        "refine": "REPLACE",
        "transform": [
          -0.959271,
          -0.282486,
          0.0,
          0.0,
          0.139738,
          -0.474525,
          0.869079,
          0.0,
          -0.245098,
          0.832307,
          0.497184,
          0.0,
          -1564563.04011,
          5312965.056135,
          3152490.752391,
          1
        ]
      },
      {
        "boundingVolume": {
          "region": [
            1.857172,
            0.520392,
            1.857204,
            0.520437,
            0.0,
            6.0
          ]
        },
        "content": {
          "uri": "./tile/9/149/170.b3dm"
        },
        "geometricError": 100.0,
        "refine": "REPLACE",
        "transform": [
          -0.959269,
          -0.282493,
          0.0,
          0.0,
          0.139757,
          -0.474577,
          0.869048,
          0.0,
          -0.245095,
          0.832275,
          0.49724,
          0.0,
          -1564541.729554,
          5312761.549488,
          3152841.910166,
          1
        ]
      },
      {
        "boundingVolume": {
          "region": [
            1.857218,
            0.520277,
            1.857223,
            0.52028,
            0.0,
            1.0
          ]
        },
        "content": {
          "uri": "./tile/9/150/167.b3dm"
        },
        "geometricError": 100.0,
        "refine": "REPLACE",
        "transform": [
          -0.95926,
          -0.282524,
          0.0,
          0.0,
          0.139739,
          -0.47446,
          0.869115,
          0.0,
          -0.24514,
          0.832332,
          0.497122,
          0.0,
          -1564834.047157,
          5313122.49926,
          3152093.546831,
          1
        ]
      },
      {
        "boundingVolume": {
          "region": [
            1.857204,
            0.520279,
            1.857305,
            0.520338,
            0.0,
            21.0
          ]
        },
        "content": {
          "uri": "./tile/9/150/168.b3dm"
        },
        "geometricError": 100.0,
        "refine": "REPLACE",
        "transform": [
          -0.959251,
          -0.282556,
          0.0,
          0.0,
          0.139763,
          -0.47448,
          0.8691,
          0.0,
          -0.245165,
          0.832309,
          0.497148,
          0.0,
          -1564988.467719,
          5312978.583091,
          3152258.346762,
          1
        ]
      },
      {
        "boundingVolume": {
          "region": [
            1.857205,
            0.52033,
            1.857306,
            0.520393,
            0.0,
            6.0
          ]
        },
        "content": {
          "uri": "./tile/9/150/169.b3dm"
        },
        "geometricError": 100.0,
        "refine": "REPLACE",
        "transform": [
          -0.95925,
          -0.282557,
          0.0,
          0.0,
          0.139776,
          -0.474524,
          0.869074,
          0.0,
          -0.245158,
          0.832283,
          0.497194,
          0.0,
          -1564945.439572,
          5312815.810837,
          3152552.055784,
          1
        ]
      },
      {
        "boundingVolume": {
          "region": [
            1.857203,
            0.52038,
            1.857309,
            0.520456,
            0.0,
            6.0
          ]
        },
        "content": {
          "uri": "./tile/9/150/170.b3dm"
        },
        "geometricError": 100.0,
        "refine": "REPLACE",
        "transform": [
          -0.95925,
          -0.282558,
          0.0,
          0.0,
          0.13979,
          -0.474571,
          0.869046,
          0.0,
          -0.245151,
          0.832256,
          0.497243,
          0.0,
          -1564899.221738,
          5312642.530302,
          3152864.889305,
          1
        ]
      },
      {
        "boundingVolume": {
          "region": [
            1.857195,
            0.520432,
            1.857305,
            0.520476,
            0.0,
            8.0
          ]
        },
        "content": {
          "uri": "./tile/9/150/171.b3dm"
        },
        "geometricError": 100.0,
        "refine": "REPLACE",
        "transform": [
          -0.959252,
          -0.282552,
          0.0,
          0.0,
          0.139796,
          -0.474601,
          0.869029,
          0.0,
          -0.245141,
          0.832241,
          0.497274,
          0.0,
          -1564835.998682,
          5312544.61197,
          3153059.941196,
          1
        ]
      },
      {
        "boundingVolume": {
          "region": [
            1.857303,
            0.520305,
            1.857327,
            0.520337,
            0.0,
            1.0
          ]
        },
        "content": {
          "uri": "./tile/9/151/168.b3dm"
        },
        "geometricError": 100.0,
        "refine": "REPLACE",
        "transform": [
          -0.959234,
          -0.282615,
          0.0,
          0.0,
          0.139794,
          -0.474482,
          0.869094,
          0.0,
          -0.245213,
          0.832288,
          0.497158,
          0.0,
          -1565299.443688,
          5312846.637078,
          3152325.872516,
          1
        ]
      },
      {
        "boundingVolume": {
          "region": [
            1.857296,
            0.520332,
            1.857365,
            0.520385,
            0.0,
            4.0
          ]
        },
        "content": {
          "uri": "./tile/9/151/169.b3dm"
        },
        "geometricError": 100.0,
        "refine": "REPLACE",
        "transform": [
          -0.959229,
          -0.28263,
          0.0,
          0.0,
          0.139811,
          -0.474511,
          0.869076,
          0.0,
          -0.245221,
          0.832267,
          0.497191,
          0.0,
          -1565348.917518,
          5312708.032064,
          3152533.497713,
          1
        ]
      },
      {
        "boundingVolume": {
          "region": [
            1.857303,
            0.52038,
            1.8574,
            0.520441,
            0.0,
            10.0
          ]
        },
        "content": {
          "uri": "./tile/9/151/170.b3dm"
        },
        "geometricError": 100.0,
        "refine": "REPLACE",
        "transform": [
          -0.959223,
          -0.282649,
          0.0,
          0.0,
          0.139834,
          -0.474552,
          0.86905,
          0.0,
          -0.245231,
          0.832237,
          0.497237,
          0.0,
          -1565410.758484,
          5312516.893281,
          3152822.931611,
          1
        ]
      },
      {
        "boundingVolume": {
          "region": [
            1.857294,
            0.520432,
            1.857399,
            0.520493,
            0.0,
            6.0
          ]
        },
        "content": {
          "uri": "./tile/9/151/171.b3dm"
        },
        "geometricError": 100.0,
        "refine": "REPLACE",
        "transform": [
          -0.959225,
          -0.282645,
          0.0,
          0.0,
          0.139844,
          -0.474595,
          0.869024,
          0.0,
          -0.24522,
          0.832213,
          0.497282,
          0.0,
          -1565341.388325,
          5312366.733123,
          3153108.453374,
          1
        ]
      },
      {
        "boundingVolume": {
          "region": [
            1.857311,
            0.520485,
            1.857401,
            0.520535,
            0.0,
            6.0
          ]
        },
        "content": {
          "uri": "./tile/9/151/172.b3dm"
        },
        "geometricError": 100.0,
        "refine": "REPLACE",
        "transform": [
          -0.959222,
          -0.282654,
          0.0,
          0.0,
          0.13986,
          -0.474633,
          0.869001,
          0.0,
          -0.245221,
          0.832188,
          0.497323,
          0.0,
          -1565349.445851,
          5312208.852821,
          3153368.681896,
          1
        ]
      },
      {
        "boundingVolume": {
          "region": [
            1.857327,
            0.520537,
            1.8574,
            0.520586,
            0.0,
            8.0
          ]
        },
        "content": {
          "uri": "./tile/9/151/173.b3dm"
        },
        "geometricError": 100.0,
        "refine": "REPLACE",
        "transform": [
          -0.95922,
          -0.282661,
          0.0,
          0.0,
          0.139876,
          -0.474675,
          0.868976,
          0.0,
          -0.24522,
          0.832162,
          0.497367,
          0.0,
          -1565343.394091,
          5312041.656197,
          3153651.42504,
          1
        ]
      },
      {
        "boundingVolume": {
          "region": [
            1.857361,
            0.520586,
            1.857398,
            0.520613,
            0.0,
            4.0
          ]
        },
        "content": {
          "uri": "./tile/9/151/174.b3dm"
        },
        "geometricError": 100.0,
        "refine": "REPLACE",
        "transform": [
          -0.959215,
          -0.282677,
          0.0,
          0.0,
          0.139893,
          -0.474704,
          0.868957,
          0.0,
          -0.245228,
          0.83214,
          0.4974,
          0.0,
          -1565394.346313,
          5311900.781978,
          3153861.994603,
          1
        ]
      },
      {
        "boundingVolume": {
          "region": [
            1.857392,
            0.520422,
            1.857406,
            0.520433,
            0.0,
            3.0
          ]
        },
        "content": {
          "uri": "./tile/9/152/170.b3dm"
        },
        "geometricError": 100.0,
        "refine": "REPLACE",
        "transform": [
          -0.95921,
          -0.282695,
          0.0,
          0.0,
          0.13986,
          -0.474559,
          0.869041,
          0.0,
          -0.245268,
          0.832217,
          0.497251,
          0.0,
          -1565649.928755,
          5312390.808242,
          3152915.994507,
          1
        ]
      },
      {
        "boundingVolume": {
          "region": [
            1.857388,
            0.520432,
            1.85741,
            0.520467,
            0.0,
            3.0
          ]
        },
        "content": {
          "uri": "./tile/9/152/171.b3dm"
        },
        "geometricError": 100.0,
        "refine": "REPLACE",
        "transform": [
          -0.95921,
          -0.282695,
          0.0,
          0.0,
          0.139866,
          -0.474577,
          0.86903,
          0.0,
          -0.245265,
          0.832206,
          0.497271,
          0.0,
          -1565629.938675,
          5312323.831133,
          3153037.946614,
          1
        ]
      },
      {
        "boundingVolume": {
          "region": [
            1.857394,
            0.520488,
            1.857498,
            0.520545,
            0.0,
            6.0
          ]
        },
        "content": {
          "uri": "./tile/9/152/172.b3dm"
        },
        "geometricError": 100.0,
        "refine": "REPLACE",
        "transform": [
          -0.959197,
          -0.28274,
          0.0,
          0.0,
          0.139905,
          -0.474626,
          0.868997,
          0.0,
          -0.245295,
          0.832163,
          0.497329,
          0.0,
          -1565820.159153,
          5312046.924936,
          3153407.502054,
          1
        ]
      },
      {
        "boundingVolume": {
          "region": [
            1.85739,
            0.520536,
            1.8575,
            0.520602,
            0.0,
            6.0
          ]
        },
        "content": {
          "uri": "./tile/9/152/173.b3dm"
        },
        "geometricError": 100.0,
        "refine": "REPLACE",
        "transform": [
          -0.959197,
          -0.282739,
          0.0,
          0.0,
          0.139917,
          -0.47467,
          0.868972,
          0.0,
          -0.245287,
          0.832138,
          0.497374,
          0.0,
          -1565768.825227,
          5311889.385459,
          3153696.408923,
          1
        ]
      },
      {
        "boundingVolume": {
          "region": [
            1.857386,
            0.520585,
            1.857506,
            0.520642,
            0.0,
            9.0
          ]
        },
        "content": {
          "uri": "./tile/9/152/174.b3dm"
        },
        "geometricError": 100.0,
        "refine": "REPLACE",
        "transform": [
          -0.959197,
          -0.28274,
          0.0,
          0.0,
          0.139928,
          -0.474707,
          0.86895,
          0.0,
          -0.245281,
          0.832116,
          0.497413,
          0.0,
          -1565733.9425,
          5311753.625636,
          3153940.733842,
          1
        ]
      },
      {
        "boundingVolume": {
          "region": [
            1.85743,
            0.520635,
            1.857498,
            0.520693,
            0.0,
            5.0
          ]
        },
        "content": {
          "uri": "./tile/9/152/175.b3dm"
        },
        "geometricError": 100.0,
        "refine": "REPLACE",
        "transform": [
          -0.959191,
          -0.282758,
          0.0,
          0.0,
          0.139949,
          -0.474746,
          0.868925,
          0.0,
          -0.245289,
          0.832088,
          0.497456,
          0.0,
          -1565786.542198,
          5311572.495607,
          3154217.788969,
          1
        ]
      },
      {
        "boundingVolume": {
          "region": [
            1.857453,
            0.520688,
            1.857502,
            0.520699,
            0.0,
            6.0
          ]
        },
        "content": {
          "uri": "./tile/9/152/176.b3dm"
        },
        "geometricError": 100.0,
        "refine": "REPLACE",
        "transform": [
          -0.959188,
          -0.28277,
          0.0,
          0.0,
          0.139963,
          -0.474769,
          0.86891,
          0.0,
          -0.245296,
          0.832071,
          0.497482,
          0.0,
          -1565827.334911,
          5311463.125732,
          3154380.609675,
          1
        ]
      },
      {
        "boundingVolume": {
          "region": [
            1.857416,
            0.516002,
            1.85742,
            0.516005,
            0.0,
            2.0
          ]
        },
        "content": {
          "uri": "./tile/9/152/84.b3dm"
        },
        "geometricError": 100.0,
        "refine": "REPLACE",
        "transform": [
          -0.959204,
          -0.282713,
          0.0,
          0.0,
          0.138785,
          -0.470876,
          0.871214,
          0.0,
          -0.245903,
          0.834314,
          0.493408,
          0.0,
          -1569685.339374,
          5325712.427378,
          3128505.002255,
          1
        ]
      },
      {
        "boundingVolume": {
          "region": [
            1.857418,
            0.516054,
            1.857428,
            0.516062,
            0.0,
            2.0
          ]
        },
        "content": {
          "uri": "./tile/9/152/85.b3dm"
        },
        "geometricError": 100.0,
        "refine": "REPLACE",
        "transform": [
          -0.959203,
          -0.282718,
          0.0,
          0.0,
          0.1388,
          -0.470921,
          0.871188,
          0.0,
          -0.2459,
          0.834287,
          0.493455,
          0.0,
          -1569662.993086,
          5325540.962239,
          3128806.054209,
          1
        ]
      },
      {
        "boundingVolume": {
          "region": [
            1.857409,
            0.516114,
            1.857452,
            0.516138,
            0.0,
            2.0
          ]
        },
        "content": {
          "uri": "./tile/9/152/86.b3dm"
        },
        "geometricError": 100.0,
        "refine": "REPLACE",
        "transform": [
          -0.959201,
          -0.282725,
          0.0,
          0.0,
          0.138821,
          -0.470977,
          0.871154,
          0.0,
          -0.245897,
          0.834253,
          0.493515,
          0.0,
          -1569644.309812,
          5325323.344741,
          3129183.261311,
          1
        ]
      },
      {
        "boundingVolume": {
          "region": [
            1.85741,
            0.516149,
            1.857451,
            0.516176,
            0.0,
            2.0
          ]
        },
        "content": {
          "uri": "./tile/9/152/87.b3dm"
        },
        "geometricError": 100.0,
        "refine": "REPLACE",
        "transform": [
          -0.959201,
          -0.282725,
          0.0,
          0.0,
          0.13883,
          -0.471007,
          0.871136,
          0.0,
          -0.245891,
          0.834236,
          0.493546,
          0.0,
          -1569609.186582,
          5325214.341775,
          3129385.015283,
          1
        ]
      },
      {
        "boundingVolume": {
          "region": [
            1.857409,
            0.516212,
            1.857479,
            0.516258,
            0.0,
            2.0
          ]
        },
        "content": {
          "uri": "./tile/9/152/88.b3dm"
        },
        "geometricError": 100.0,
        "refine": "REPLACE",
        "transform": [
          -0.959197,
          -0.282738,
          0.0,
          0.0,
          0.138854,
          -0.471065,
          0.871101,
          0.0,
          -0.245893,
          0.834198,
          0.493609,
          0.0,
          -1569619.318396,
          5324975.510486,
          3129783.626942,
          1
        ]
      },
      {
        "boundingVolume": {
          "region": [
            1.857436,
            0.516251,
            1.85748,
            0.516278,
            0.0,
            2.0
          ]
        },
        "content": {
          "uri": "./tile/9/152/89.b3dm"
        },
        "geometricError": 100.0,
        "refine": "REPLACE",
        "transform": [
          -0.959193,
          -0.282752,
          0.0,
          0.0,
          0.138868,
          -0.471088,
          0.871087,
          0.0,
          -0.245901,
          0.834181,
          0.493635,
          0.0,
          -1569669.457138,
          5324864.073284,
          3129946.972186,
          1
        ]
      },
      {
        "boundingVolume": {
          "region": [
            1.85741,
            0.516307,
            1.857425,
            0.516313,
            0.0,
            2.0
          ]
        },
        "content": {
          "uri": "./tile/9/152/90.b3dm"
        },
        "geometricError": 100.0,
        "refine": "REPLACE",
        "transform": [
          -0.959205,
          -0.282712,
          0.0,
          0.0,
          0.13886,
          -0.471132,
          0.871064,
          0.0,
          -0.24586,
          0.834169,
          0.493675,
          0.0,
          -1569408.887959,
          5324790.675164,
          3130200.784613,
          1
        ]
      },
      {
        "boundingVolume": {
          "region": [
            1.857509,
            0.520549,
            1.857587,
            0.520592,
            0.0,
            3.0
          ]
        },
        "content": {
          "uri": "./tile/9/153/173.b3dm"
        },
        "geometricError": 100.0,
        "refine": "REPLACE",
        "transform": [
          -0.959168,
          -0.282838,
          0.0,
          0.0,
          0.139966,
          -0.474657,
          0.868971,
          0.0,
          -0.245372,
          0.832112,
          0.497375,
          0.0,
          -1566313.647413,
          5311724.272344,
          3153703.916105,
          1
        ]
      },
      {
        "boundingVolume": {
          "region": [
            1.857496,
            0.520584,
            1.857594,
            0.520644,
            0.0,
            5.0
          ]
        },
        "content": {
          "uri": "./tile/9/153/174.b3dm"
        },
        "geometricError": 100.0,
        "refine": "REPLACE",
        "transform": [
          -0.959169,
          -0.282835,
          0.0,
          0.0,
          0.139975,
          -0.474693,
          0.86895,
          0.0,
          -0.245363,
          0.832092,
          0.497413,
          0.0,
          -1566259.617734,
          5311597.961358,
          3153941.87785,
          1
        ]
      },
      {
        "boundingVolume": {
          "region": [
            1.857486,
            0.520635,
            1.857578,
            0.520691,
            0.0,
            6.0
          ]
        },
        "content": {
          "uri": "./tile/9/153/175.b3dm"
        },
        "geometricError": 100.0,
        "refine": "REPLACE",
        "transform": [
          -0.959172,
          -0.282822,
          0.0,
          0.0,
          0.139981,
          -0.474736,
          0.868925,
          0.0,
          -0.245345,
          0.832072,
          0.497456,
          0.0,
          -1566143.837738,
          5311469.632319,
          3154213.64727,
          1
        ]
      },
      {
        "boundingVolume": {
          "region": [
            1.857499,
            0.520687,
            1.857545,
            0.520699,
            0.0,
            6.0
          ]
        },
        "content": {
          "uri": "./tile/9/153/176.b3dm"
        },
        "geometricError": 100.0,
        "refine": "REPLACE",
        "transform": [
          -0.959175,
          -0.282813,
          0.0,
          0.0,
          0.139984,
          -0.474762,
          0.868911,
          0.0,
          -0.245333,
          0.83206,
          0.497481,
          0.0,
          -1566066.661915,
          5311394.209096,
          3154377.861374,
          1
        ]
      },
      {
        "boundingVolume": {
          "region": [
            1.857588,
            0.515282,
            1.857594,
            0.515327,
            0.0,
            22.0
          ]
        },
        "content": {
          "uri": "./tile/9/153/70.b3dm"
        },
        "geometricError": 100.0,
        "refine": "REPLACE",
        "transform": [
          -0.959155,
          -0.28288,
          0.0,
          0.0,
          0.138695,
          -0.47027,
          0.871556,
          0.0,
          -0.246146,
          0.834602,
          0.4928,
          0.0,
          -1571228.277289,
          5327537.997821,
          3124645.850637,
          1
        ]
      },
      {
        "boundingVolume": {
          "region": [
            1.857501,
            0.515967,
            1.857584,
            0.516002,
            0.0,
            2.0
          ]
        },
        "content": {
          "uri": "./tile/9/153/83.b3dm"
        },
        "geometricError": 100.0,
        "refine": "REPLACE",
        "transform": [
          -0.959169,
          -0.282833,
          0.0,
          0.0,
          0.138839,
          -0.470843,
          0.871224,
          0.0,
          -0.24601,
          0.834293,
          0.493391,
          0.0,
          -1570364.556987,
          5325573.951288,
          3128400.569649,
          1
        ]
      },
      {
        "boundingVolume": {
          "region": [
            1.857512,
            0.515997,
            1.857589,
            0.516053,
            0.0,
            2.0
          ]
        },
        "content": {
          "uri": "./tile/9/153/84.b3dm"
        },
        "geometricError": 100.0,
        "refine": "REPLACE",
        "transform": [
          -0.959167,
          -0.28284,
          0.0,
          0.0,
          0.138852,
          -0.470876,
          0.871204,
          0.0,
          -0.246011,
          0.834271,
          0.493427,
          0.0,
          -1570372.612498,
          5325438.588902,
          3128625.431108,
          1
        ]
      },
      {
        "boundingVolume": {
          "region": [
            1.857512,
            0.516051,
            1.857584,
            0.516104,
            0.0,
            2.0
          ]
        },
        "content": {
          "uri": "./tile/9/153/85.b3dm"
        },
        "geometricError": 100.0,
        "refine": "REPLACE",
        "transform": [
          -0.959168,
          -0.282838,
          0.0,
          0.0,
          0.138864,
          -0.47092,
          0.871178,
          0.0,
          -0.246002,
          0.834247,
          0.493472,
          0.0,
          -1570312.504691,
          5325284.416607,
          3128916.051612,
          1
        ]
      },
      {
        "boundingVolume": {
          "region": [
            1.857525,
            0.516096,
            1.857595,
            0.51615,
            0.0,
            2.0
          ]
        },
        "content": {
          "uri": "./tile/9/153/86.b3dm"
        },
        "geometricError": 100.0,
        "refine": "REPLACE",
        "transform": [
          -0.959164,
          -0.282849,
          0.0,
          0.0,
          0.138881,
          -0.470956,
          0.871156,
          0.0,
          -0.246005,
          0.834223,
          0.493512,
          0.0,
          -1570334.759479,
          5325129.139639,
          3129167.449098,
          1
        ]
      },
      {
        "boundingVolume": {
          "region": [
            1.857535,
            0.516154,
            1.857589,
            0.516198,
            0.0,
            2.0
          ]
        },
        "content": {
          "uri": "./tile/9/153/87.b3dm"
        },
        "geometricError": 100.0,
        "refine": "REPLACE",
        "transform": [
          -0.959164,
          -0.282851,
          0.0,
          0.0,
          0.138895,
          -0.471,
          0.87113,
          0.0,
          -0.245999,
          0.834197,
          0.493558,
          0.0,
          -1570299.298463,
          5324967.425351,
          3129458.466293,
          1
        ]
      },
      {
        "boundingVolume": {
          "region": [
            1.857514,
            0.516205,
            1.857603,
            0.516259,
            0.0,
            2.0
          ]
        },
        "content": {
          "uri": "./tile/9/153/88.b3dm"
        },
        "geometricError": 100.0,
        "refine": "REPLACE",
        "transform": [
          -0.959165,
          -0.282848,
          0.0,
          0.0,
          0.138907,
          -0.471047,
          0.871103,
          0.0,
          -0.245989,
          0.834171,
          0.493607,
          0.0,
          -1570232.089074,
          5324804.056777,
          3129768.065415,
          1
        ]
      },
      {
        "boundingVolume": {
          "region": [
            1.857503,
            0.516268,
            1.857576,
            0.516305,
            0.0,
            2.0
          ]
        },
        "content": {
          "uri": "./tile/9/153/89.b3dm"
        },
        "geometricError": 100.0,
        "refine": "REPLACE",
        "transform": [
          -0.95917,
          -0.28283,
          0.0,
          0.0,
          0.138911,
          -0.471095,
          0.871076,
          0.0,
          -0.245965,
          0.83415,
          0.493654,
          0.0,
          -1570080.850729,
          5324671.014957,
          3130068.24852,
          1
        ]
      },
      {
        "boundingVolume": {
          "region": [
            1.85753,
            0.516301,
            1.85758,
            0.516332,
            0.0,
            2.0
          ]
        },
        "content": {
          "uri": "./tile/9/153/90.b3dm"
        },
        "geometricError": 100.0,
